<!DOCTYPE html>
<html lang="en">
<head>
    <meta charset="UTF-8">
    <meta name="viewport" content="width=device-width, initial-scale=1.0">
    <title>Atividade 4</title>
</head>
<body>
    
    <script>
let matriz = [
[0,	23,	45,	65,	87,	85,	64,	23,	54,	76,	87,	98,	65,	78,	98,	88,	96,	34,	65,	86,	83,	106,96,	75,	78,	103,110],
[23,0,	10,	35,	55,	63,	51,	21,	50,	71,	85,	86,	55,	72,	91,	83,	91,	32,	62,	82,	79,	102,93,	72,	75,	100,50],
[45,10,	0,	18,	23,	46,	41,	19,	48,	68,	73,	84,	49,	66,	84,	78,	86,	30,	59,	78,	75,	98,	90,	69,	72,	97, 66],
[65,35,	18,	0,  14,	31,	24,	16,	46,	62,	71,	73,	46,	60,	77,	73,	81,	28,	56,	74,	71,	94,	87,	66,	69,	94,	72],
[87,55,	23,	14,	0,	15,	19,	13,	43,	53,	64,	62,	38,	54,	70,	68,	76,	26,	53,	70,	67,	90,	84,	63,	66,	91,	104],
[85,63,	46,	31,	15,	0,	15,	11,	41,	51,	52,	58,	36,	48,	63,	63,	71,	24,	50,	66,	63,	86,	81,	60,	63,	88,	95],
[64,51,	41,	24,	19,	15,	0,  9,	36,	43,	41,	49,	26,	42,	56,	58,	66,	22,	47,	62,	59,	82,	78,	57,	60,	85,	83],
[23,21,	19,	16,	13,	11,	9,	0,	27,	32,	38,	36,	24,	36,	49,	53,	61,	20,	44,	58,	55,	78,	75,	54,	57,	82,	71],
[54,50,	48,	46,	43,	41,	36,	27,	0,	12,	22,	21,	22,	30,	42,	48,	56,	18,	41,	54,	51,	74,	72,	51,	54,	79,	68],
[76,71,	68,	62,	53,	51,	43,	32,	12,	0,	18,	19,	19,	24,	35,	43,	51,	16,	38,	50,	47,	70,	69,	48,	51,	76,	64],
[87,85,	73,	71,	64,	52,	41,	38,	22,	18,	0,	10,	16,	18,	28,	38,	46,	14,	35,	46,	43,	66,	66,	45,	48,	73,	56],
[98,86,	84,	73,	62,	58,	49,	36,	21,	19,	10,	0,	13,	12,	21,	33,	41,	12,	32,	42,	39,	62,	63,	42,	45,	70,	53],
[65,55,	49,	46,	38,	36,	26,	24,	22,	19,	16,	13,	0,	6,	14,	28,	36,	10,	29,	38,	35,	58,	60,	39,	42,	67,	79],
[78,72,	66,	60,	54,	48,	42,	36,	30,	24,	18,	12,	6,	0,	7,	23,	31,	8,	26,	34,	31,	54,	57,	36,	39,	64,	27],
[98,91,	84,	77,	70,	63,	56,	49,	42,	35,	28,	21,	14,	7,	0,	18,	26,	6,	23,	30,	27,	50,	54,	33,	36,	61,	29],
[88,83,	78,	73,	68,	63,	58,	53,	48,	43,	38,	33,	28,	23,	18,	0,	21,	4,	20,	26,	23,	46,	51,	30,	33,	58,	33],
[96,91,	86,	81,	76,	71,	66,	61,	56,	51,	46,	41,	36,	31,	26,	21,	0,	2,	17,	22,	19,	42,	48,	27,	30,	55,	73],
[34,32,	30,	28,	26,	24,	22,	20,	18,	16,	14,	12,	10,	8,	6,	4,	2,	0,	14,	18,	15,	38,	45,	24,	27,	52,	55],
[65,62,	59,	56,	53,	50,	47,	44,	41,	38,	35,	32,	29,	26,	23,	20,	17,	14,	0,	14,	11,	34,	42,	21,	24,	49,	63],
[86,82,	78,	74,	70,	66,	62,	58,	54,	50,	46,	42,	38,	34,	30,	26,	22,	18,	14,	0,	7,	30,	39,	18,	21,	46,	67],
[83,79,	75,	71,	67,	63,	59,	55,	51,	47,	43,	39,	35,	31,	27,	23,	19,	15,	11,	7,	0,	26,	36,	15,	18,	43,	25],
[106, 102,98,94,90,	86,	82,	78,	74,	70,	66,	62,	58,	54,	50,	46,	42,	38,	34,	30,	26,	0,	33,	12,	15,	40,	74],
[96,93,	90,	87,	84,	81,	78,	75,	72,	69,	66,	63,	60,	57,	54,	51,	48,	45,	42,	39,	36,	33,	0,	9,	12,	37,	36],
[75,72,	69,	66,	63,	60,	57,	54,	51,	48,	45,	42,	39,	36,	33,	30,	27,	24,	21,	18,	15,	12,	9,	0,	9,	34,	44],
[78,75,	72,	69,	66,	63,	60,	57,	54,	51,	48,	45,	42,	39,	36,	33,	30,	27,	24,	21,	18,	15,	12,	9,	0,	31,	65],
[103,100,97,94,	91,	88,	85,	82,	79,	76,	73,	70,	67,	64,	61,	58,	55,	52,	49,	46,	43,	40,	37,	34,	31,	0,	32],
[110,50,66,	72,	104,95, 83,	71,	68,	64,	56,	53,	79,	27,	29,	33,	73,	55,	63,	67,	25,	74,	36,	44,	65,	32,	0]
]    

let pontoA = prompt("Digite o numero da capital inicial")
let pontoB = prompt("Digite o numero da capital final")
document.write("capital inicial: " + pontoA + "<br>capital final: " + pontoB + "<br>Distancia entre eles(km): " + matriz[pontoA][pontoB])
    </script>
</body>
</html>